0.14374189 0.27034195 0.02063434 0.53698248 0.02829935
0.42068166 0.11493998 0.12585657 0.32420955 0.01431224
0.03184406 0.34780605 0.21789339 0.23108691 0.17136959
0.19446286 0.25768494 0.10842823 0.21124095 0.22818303
0.45075293 0.24920908 0.07350910 0.10589116 0.12063774
0.10348508 0.07529123 0.23322032 0.36926251 0.21874085
0.08729164 0.47709048 0.02867492 0.00283159 0.40411137
0.21889089 0.22548922 0.28048313 0.03238222 0.24275454
0.05135309 0.09315241 0.70046758 0.04947808 0.10554884
0.49781263 0.00145913 0.10450040 0.09610476 0.30012308
0.22910654 0.35985145 0.19495331 0.01537625 0.20071244
0.13343433 0.16043634 0.00870371 0.52814264 0.16928298
0.16060825 0.07377493 0.20211975 0.27651672 0.28698034
0.41055568 0.08143730 0.23749504 0.24785445 0.02265754
0.19446286 0.25768494 0.10842823 0.21124095 0.22818303
0.25690852 0.15457206 0.02283280 0.32930697 0.23637966
0.20717063 0.03740969 0.11188862 0.33388870 0.30964236
0.26069503 0.47637514 0.02898380 0.05718173 0.17676431
0.11237862 0.06839566 0.45044250 0.15895473 0.20982849
0.07055302 0.55297921 0.06923179 0.15007842 0.15715756
0.39875643 0.38108244 0.04608188 0.10726660 0.06681265
0.14374189 0.27034195 0.02063434 0.53698248 0.02829935